name	condition1	condition2	1	2	3	4	5	6	7	8	9	10	11	12	13	14	15	Average
A14JGIN4ZXXLGD	medium	fast	376	1340	1732	1356	2344	90	276	0	1054	738	1932	2348	1708	2112	1948	1290.266667
A1EP3XESXAG0EP	fast	fast	290	602	540	1110	280	896	1108	1068	998	1616	1424	892	1320	1196	1298	975.8666667
A1G34TESSXG1R8	slow	fast	1326	2076	2034	2400	2346	1010	1754	1858	1954	2036	2058	2352	2376	1782	2376	1982.533333
A1H5I0BGVIY5CC	slow	slow	0	876	1164	0	0	1188	1182	2070	2094	1800	1758	2394	2382	2076	2100	1405.6
A1HKCTDOTL6C9I	slow	slow	600	1794	2082	2094	2088	2394	2400	2394	2400	2382	2694	2094	2082	2382	2394	2151.6
A1MN2PWAV10VAB	fast	slow	558	192	1110	1148	388	0	0	0	228	882	532	1162	930	912	1136	611.8666667
A1N53V41FMCR7Q	fast	slow	316	848	960	936	794	1776	2100	1788	2088	2382	1368	1278	1274	1170	1402	1365.333333
A1V4IGF2OD43ZT	medium	medium	2364	3168	3356	2564	2564	2952	3360	3368	3336	3576	3108	2960	2948	2748	3144	3034.4
A1X84T4EFW04GZ	medium	fast	1240	1336	2528	2132	2128	1404	970	1520	1084	1622	1844	2544	2292	2956	2712	1887.466667
A1Z7XZCHIRHCBY	slow	slow	264	834	0	294	810	264	534	864	1128	546	834	564	834	1134	534	629.2
A28GXI90JIF3I7	medium	medium	1532	2716	2732	3132	3332	2924	2936	3328	2904	2932	3552	3528	3144	3316	3556	3037.6
A28IFWT5CR33RZ	medium	fast	2292	2720	2908	2876	2512	492	1008	1230	1734	1432	2952	3564	3132	3156	3560	2371.2
A29CB19F64GGIF	fast	medium	0	1262	1364	1232	824	1540	2748	2956	2704	1920	1242	1340	1228	1754	868	1532.133333
A2FBT0BSFOV91D	medium	fast	0	0	1592	1768	1972	616	844	1136	1446	1448	2132	2176	2144	1968	2368	1440.666667
A2FMEIDYEIWJA8	slow	fast	882	2082	2076	2082	2076	424	288	158	138	718	1188	2682	2346	2388	2082	1440.666667
A2H4HO2XNNKV0O	slow	medium	1200	1794	1788	2088	2688	2588	2992	3176	3160	2984	2376	2094	2400	2694	3000	2468.133333
A2HHWFGVV9UUC5	medium	slow	148	1548	1972	2384	2380	1170	2070	2094	2394	2382	2380	2176	2164	2392	2192	1989.733333
A2M3FPQF852HW4	fast	slow	950	2122	1708	2456	2242	1776	2376	2694	2982	2376	2354	2450	2430	2438	2554	2260.533333
A2RWLFIP23FZA7	medium	slow	1916	2540	2932	2940	2928	2082	2082	2094	2376	2376	2720	3160	3140	2912	3156	2623.6
A2RY4MK1FONYH1	fast	fast	554	792	1322	796	762	554	998	934	628	1014	980	1290	1156	1274	1388	962.8
A2W8TJXW68442D	fast	fast	96	270	324	656	1176	1176	868	1292	870	1280	1308	1400	1706	1502	1714	1042.533333
A2XW91EHCZ3T3V	medium	slow	1264	2488	2912	2720	2868	2028	858	858	282	1434	2956	3128	2896	2912	2932	2169.066667
A2Z750U1HCWVEE	slow	slow	1434	1428	894	1434	2052	2070	2358	2016	2088	2346	2340	2670	2658	2058	1416	1950.8
A3APMO8WXVH1V0	slow	slow	882	1800	1776	2094	2094	2100	2394	2094	2094	1788	2094	2100	2394	2100	2376	2012
A3BLJ6QSDTZC9U	slow	fast	0	1776	2082	2388	210	428	608	1222	1310	1250	2088	2376	2382	1788	2076	1465.6
A3MYPYBVHX7FQ2	fast	slow	650	1016	920	1728	1332	1764	1470	2076	1770	1776	1642	1540	1644	1864	1860	1536.8
A3RUQO10JKY9NT	medium	medium	2168	2756	2568	2728	3380	2952	3168	2952	2968	3368	3160	3360	2952	3136	3548	3010.933333
A3UQ5DF8VVD975	slow	medium	1794	1794	2394	2388	2394	2160	2784	2552	2984	3168	2682	2688	2694	2394	2688	2503.866667
A53S7J4JGWG38	fast	medium	0	362	352	376	94	840	1332	1716	1536	1548	178	686	404	824	1052	753.3333333
A6AAAG3KQ7XXV	medium	medium	0	260	176	0	1400	1984	1584	2180	2384	2388	2192	2192	2196	1580	1980	1499.733333
A6WYBPPG8Y2Q4	medium	fast	1572	2152	2348	2988	2576	1538	1942	1644	1520	1744	2772	2972	2792	3192	2972	2314.933333
A7P3R1AIA4TVV	slow	medium	1476	2058	2370	2088	2388	2336	2948	3124	2944	2932	1800	2076	1794	2070	2100	2300.266667
AAE1COF4E8740	fast	fast	942	1676	2266	2306	2396	2514	2284	2618	2634	2812	2696	2310	2716	2598	2520	2352.533333
ADFKY1MOYP7P2	medium	medium	0	0	0	388	1292	1536	1928	1928	1740	1948	1532	1728	1752	1568	1572	1260.8
AFUZEIQF6FD30	fast	slow	114	250	306	560	282	1470	2400	2088	2082	2388	158	384	306	392	1406	972.4
AHI4FABU79VTP	medium	slow	1768	2164	2776	2972	2972	1488	870	2082	2682	2088	3364	3168	3360	3160	3560	2564.933333
ALTMSSCYKZS8Z	fast	medium	0	0	0	48	100	1324	1340	1932	1964	2180	58	430	440	464	472	716.8
AN7VKUM6J7KMS	slow	medium	1764	2076	2394	2394	2700	2768	3160	3180	2960	3576	1776	2094	2694	2694	2382	2574.133333
ATN07GFZ7CKKU	fast	medium	0	0	0	0	128	928	1300	688	316	1324	470	154	276	398	214	413.0666667
AWDU600NXZ26L	slow	medium	882	2076	1488	2382	2088	2388	2584	1968	2364	2384	1488	2388	1794	2394	1800	2031.2
AY5OS6NZWVX22	fast	fast	262	910	992	1214	1424	1118	1726	1406	1950	1968	1756	1016	1534	1854	1728	1390.533333
A10IZOZGBH42K	fast	medium	866	1732	1548	1948	2046	2940	3164	3168	3360	3560	2330	2620	2240	2560	3040	2474.8
A11FFJZ0C984W4	slow	fast	1158	1776	1152	1194	1794	1108	1134	1532	1466	1764	1800	1794	1794	2088	2082	1575.733333
A122LRCSBAD6DC	fast	fast	290	1742	1966	2158	1726	2050	2160	1726	2244	2156	2686	2558	2772	2228	2552	2067.6
A12ZO39VZ879ZS	slow	medium	870	1794	2400	2070	1776	2132	2976	2356	2984	2540	1176	1788	1176	2058	1182	1951.866667
A19278PENOWZPZ	slow	fast	0	798	840	1110	852	0	0	0	0	0	300	1734	846	1740	1416	642.4
A1ETEW9WH37WDS	fast	slow	540	668	896	1404	2056	1194	564	1770	2394	840	1224	1838	1736	1648	1854	1375.066667
A1M6Y1W2PTXFN1	fast	slow	112	288	176	588	54	1764	888	2376	1770	1764	30	310	100	98	98	694.4
A1PF01FF85HUY4	medium	medium	1500	2120	2348	2536	2528	2520	2120	1924	2124	1920	2340	2504	1948	2560	2136	2208.533333
A1RH69F7I73LRW	fast	fast	1406	2126	1812	2326	2532	2210	2024	2752	2424	2316	2210	2422	2524	2106	2226	2227.733333
A1RV2LERVS0A4H	fast	fast	0	0	0	0	0	0	0	52	32	0	298	90	548	546	728	152.9333333
A1S1O9ZCONEGE3	slow	fast	900	1488	1188	1470	1788	1234	2072	1754	2172	1962	1182	1794	888	1794	1500	1545.733333
A1XVHV97ZVXRA4	slow	slow	1758	2352	2058	2082	2046	1776	2064	1476	2058	2076	1758	1428	1758	2046	1458	1879.6
A1YSBD5XW5UCR0	medium	slow	2560	3164	3360	3168	3360	2382	1782	2370	2088	1782	3148	3572	3776	3360	3572	2896.266667
A21XQYRKFFHL4A	medium	fast	920	1336	1132	1568	2156	834	1330	1458	1658	846	2364	2156	1960	2368	2580	1644.4
A23YOV169QAC2M	slow	medium	2076	2370	2676	2082	2376	2352	2552	2952	2760	3168	1782	2364	2370	2400	2694	2464.933333
A2BFFKEYMCBFWW	fast	fast	848	848	1420	1540	1242	1562	1880	1766	1874	1554	1770	1972	1668	1448	1444	1522.4
A2CD4H68NVVC5A	medium	fast	1936	1956	1976	2168	1932	1194	998	1118	1432	1752	1488	1884	2536	2144	2348	1790.8
A2GO3SYV3X3KE	medium	slow	1524	1928	1912	1500	1104	2082	1482	2046	2082	2070	2172	1964	2140	2368	2352	1915.066667
A2JH4QBXGHJ47M	medium	slow	1744	1760	2184	1980	1760	1488	2064	1458	2076	2082	1972	1580	1740	1736	1748	1824.8
A2R1TM9CS8OAL	medium	slow	288	940	1928	2172	2140	894	1194	1146	882	2082	2328	3168	2744	2552	2724	1812.133333
A2T1JYVKKQQHH9	slow	medium	882	1494	2394	2082	2082	2364	2788	2772	2776	2964	2082	2694	2388	2394	2364	2301.333333
A2UM5VTQ1Q4TGU	medium	medium	0	168	508	908	928	712	1152	272	104	576	544	532	360	964	92	521.3333333
A2XPDRWL1KCWDM	medium	slow	2132	2768	3172	2944	2924	2076	2364	2070	1770	2058	2984	2972	3368	3152	3368	2674.8
A2YPG2YAUIRXES	slow	medium	0	0	510	0	576	0	0	0	0	308	0	156	510	0	0	137.3333333
A32AM1ZLLNQF81	fast	slow	0	1362	1174	1208	1104	1194	1494	1764	840	1482	1266	1322	1502	1480	1584	1251.733333
A32XQQQSFXCMP2	fast	medium	0	0	200	654	744	1092	1336	1568	1956	1348	354	588	1146	1474	950	894
A35J1SKAW9FTJX	slow	medium	288	546	1488	1494	1758	1748	1744	2180	1984	2180	1764	1494	1794	1494	1800	1583.733333
A38F7I5ZZ4JOLF	medium	fast	2940	3124	3116	2960	3332	1486	2116	2240	2246	2436	3140	3136	3356	3372	3352	2823.466667
A394JO4NEPCY3M	fast	medium	1212	1326	1442	1560	1976	2380	2548	2348	2736	2520	1980	2186	1242	1880	1680	1934.4
A39GXHWJ23W5F	slow	fast	0	288	2388	1182	2082	850	1242	1644	1562	1574	1794	2088	2400	2388	2388	1591.333333
A3DUL880Y08G95	slow	slow	1764	2070	1794	2364	2370	2382	2376	2388	2370	2064	2700	2382	2100	2700	2064	2259.2
A3FF1VSY7QIDWB	slow	slow	0	1446	1740	2046	2076	2382	1770	2094	1776	2088	2082	2094	2082	2094	2400	1878
A3LA0JBSIW4MUI	fast	fast	0	296	98	364	426	392	506	320	944	1148	1138	1066	942	954	1456	670
A3MHYBS6PHJ5QG	medium	fast	952	1340	2984	2984	2564	1160	726	1048	1050	848	2588	2764	2956	2956	3164	2005.6
A3O5RKGH6VB19C	medium	medium	1960	2560	2956	3108	2752	2720	2940	3368	3164	3364	3360	3348	3372	3152	3560	3045.6
A3SWT9MJCQTORQ	fast	slow	900	2128	2000	2428	2616	1440	1758	1176	2382	2082	2520	2626	2734	2536	2538	2124.266667
A3V4AW6DGWBHDO	fast	medium	372	1466	1878	2178	1984	2520	2536	3172	2764	3156	1876	1874	2080	2174	2278	2153.866667
A3VDG4N48AVYGQ	fast	medium	0	588	318	188	478	1716	1564	2188	2384	2188	904	210	394	588	1092	986.6666667
A3VPK66FDCY78Q	slow	slow	1494	1494	1458	1782	2400	2388	2382	2388	2370	2388	2388	2100	2682	1782	2688	2145.6
A7445W1585GJX	slow	slow	780	1248	132	0	564	1356	834	1458	2058	2064	2064	1104	1788	2058	1758	1284.4
AAFDTSRFE14R3	medium	medium	0	0	0	0	0	0	144	156	304	88	0	136	292	140	248	100.5333333
AKOOC3BXIS15H	slow	fast	1482	2076	1794	1464	2088	1438	1744	1958	1532	1942	1782	2346	2688	2076	1728	1875.866667
ALC46VKZ9C5TR	fast	medium	0	0	90	108	448	872	2488	2068	2456	2508	772	1560	1336	1238	1346	1152.666667
AMARSQRPRZ3TG	slow	fast	888	1476	1788	2400	2076	1334	1768	2170	2056	2274	2394	2388	2382	2688	2682	2050.933333
AZNY7CZTSQRXS	medium	medium	0	0	0	0	0	0	296	0	0	0	356	180	148	764	924	177.8666667
A01913642LJT7L89AFM2F	fast	slow	264	1456	1570	1868	2074	1788	2082	2382	2064	2682	2378	2176	2080	2480	2484	1988.533333
A10GBO6PU2EI0K	medium	slow	108	0	156	0	0	288	846	270	1182	882	0	0	340	144	556	318.1333333
A12WDL4PB927P6	slow	medium	588	276	582	540	858	0	724	1296	1268	1752	1176	1734	1788	1788	1734	1073.6
A13YOOKZFZJJ10	fast	fast	684	1462	1776	1654	1766	1672	1772	1666	1460	1678	1878	1778	1876	1872	1782	1651.733333
A161UN6SUJBB33	fast	slow	0	0	126	928	1032	1110	1776	2076	2064	2376	1124	1414	1710	1508	1522	1251.066667
A16335MOISDG1F	medium	slow	1924	2568	2772	2364	2540	1758	2082	2082	2376	2388	2748	3152	3148	3576	2940	2561.2
A194WFDN5KXOXW	fast	medium	0	0	0	0	0	1776	1980	1784	1772	1304	0	0	98	0	0	580.9333333
A19M1TGTL9HKHB	slow	slow	594	1782	2094	1782	2082	2388	2088	2394	2094	2394	2088	2082	2094	1482	2382	1988
A1A5X39XFG2PWH	medium	fast	1708	652	1260	1284	884	522	364	1012	94	564	0	0	0	0	0	556.2666667
A1AJ2G7JXXJ8UJ	medium	medium	2540	2352	2780	2788	2548	2780	2764	2984	2788	2788	2996	3192	2964	3384	3180	2855.2
A1AR0HVJQKTZER	medium	fast	0	0	0	440	0	0	0	0	194	476	828	1696	1628	1900	1724	592.4
A1B7GQTH9YG04X	fast	slow	1476	2006	2518	2018	2634	2088	2088	2346	2382	2370	2296	2422	2536	2540	2526	2283.066667
A1DS0M9DLHAISJ	fast	slow	760	202	208	724	1448	840	1122	186	252	0	1246	1362	1760	1420	1556	872.4
A1E8ZYOQSGKTP8	medium	slow	0	0	0	752	940	1764	1752	1452	2076	1776	956	772	1352	1356	1120	1071.2
A1EQAFAN71Z0SK	slow	slow	2076	1794	2064	1782	2076	2394	1782	2094	2394	2370	2358	2064	1494	2088	2682	2100.8
A1GPAKHKT74GA4	fast	slow	510	1292	1220	808	1212	558	1092	1422	2022	1770	788	912	1320	1108	670	1113.6
A1IAMNSZB9U4Z1	fast	medium	254	898	1520	1738	1430	2152	2532	2904	2740	2508	1830	1938	2146	2162	1842	1906.266667
A1JFN2WUBMMI6K	slow	medium	516	1446	1158	2076	2400	2140	2128	2976	2952	2960	1782	2100	2100	1482	2082	2019.866667
A1LF2VKDYRKXZ9	fast	slow	0	0	0	0	0	1776	1764	1464	1800	1452	0	0	0	0	0	550.4
A1MFQBQRNANOD6	fast	slow	148	830	1364	1142	1644	1440	2064	2364	2370	2376	1030	1442	1552	1554	1252	1504.8
A1NIKHUA79SWGD	fast	slow	202	1272	1110	1418	1708	1194	2100	2088	2388	2376	1954	2030	2016	2148	1836	1722.666667
A1OR6CKL5VWQ6D	slow	fast	2394	2388	2676	2382	2688	1664	1622	1664	1758	1970	2376	2376	2064	2094	2382	2166.533333
A1OVGCI9KUL4MI	slow	medium	2070	2100	2070	1470	1770	2376	1704	2784	2760	2572	1788	1782	1746	2376	2052	2094.666667
A1PAPIJ1ZCEQBD	slow	slow	0	0	258	1476	870	1470	1464	2094	1464	1470	1470	1482	1488	1788	2076	1258
A1QAIJ6OOQH3RL	medium	medium	0	580	1768	1944	2380	2380	2176	2340	2156	2144	2140	2356	2756	2148	2316	1972.266667
A1R0NGPP4NGUTE	medium	fast	2348	2344	2584	2752	2960	904	1112	1660	1650	1128	2736	2956	3156	2744	3364	2293.2
A1SISJL5ST2PWH	fast	fast	1320	1924	2012	2012	2238	2538	2640	2646	2530	2330	2648	2444	2496	2754	2638	2344.666667
A1SNDQPYVHYPK9	slow	fast	0	570	1182	1158	1782	0	172	102	156	410	1440	1758	1458	2064	1776	935.2
A1U2A42K8FV3RA	fast	fast	390	1622	1424	1610	1722	1948	1418	1330	1736	1622	1944	1918	1954	1816	2020	1631.6
A1URCANKSOR247	medium	medium	540	0	0	372	480	1088	724	1140	904	912	1128	0	1316	312	680	639.7333333
A1USR9JCAMDGM3	slow	slow	0	1098	2022	1764	1458	2052	2388	1740	2070	2082	2388	2352	2376	2352	2064	1880.4
A1VR1XQEQQXYUE	medium	medium	808	1412	1708	1496	1544	1704	1504	1316	1100	1932	2116	1928	2324	1912	1904	1647.2
A1WVNDH62P2UNZ	fast	medium	0	0	298	460	526	1752	1940	2348	1720	2344	298	168	1022	1354	1418	1043.2
A22DF0EWILGRLV	medium	fast	1968	1532	2164	2360	2364	526	1018	808	1322	1208	2572	2588	2152	1964	2396	1796.133333
A28J7H4TH29DC3	fast	slow	0	0	0	92	44	1194	1794	2088	2094	2100	364	426	842	848	1238	874.9333333
A2ACDHSJLC41IV	slow	slow	294	570	216	1110	564	828	882	1188	0	1170	888	0	0	0	0	514
A2BA9Y6VGW6WS1	medium	medium	1184	2196	2384	2564	2768	2760	2580	3172	2580	2752	2348	2784	2976	2352	2556	2530.4
A2C0VTQOFYUP83	slow	medium	294	546	852	1182	882	948	1116	1572	1748	1972	258	288	558	582	1140	929.2
A2E609OEGN4D6H	medium	slow	0	1268	1252	0	0	0	0	0	300	1128	1720	1280	2128	2300	2060	895.7333333
A2GA29WTMFW2W	medium	fast	0	1532	2352	2756	2164	600	926	536	928	1328	2548	2744	2752	2760	3172	1806.533333
A2KSAAQBU5R0F6	fast	medium	0	234	56	96	658	0	176	196	0	200	260	1012	160	0	98	209.7333333
A2N5O2OTCXM8Z4	fast	medium	0	168	0	0	28	344	380	720	924	344	0	232	328	0	58	235.0666667
A2QS8G463BJAUU	slow	medium	294	1182	876	1452	1782	2736	2952	2364	2748	2736	1176	2382	2082	1482	2082	1888.4
A2UU1PPOQC12SC	medium	medium	0	420	228	928	852	1116	1320	1092	904	1308	876	1100	668	1912	868	906.1333333
A2WPKP73S4MBLK	slow	medium	1194	1488	1800	1800	1500	1348	1764	2168	2188	2180	1794	2094	2694	2400	2100	1900.8
A2WTOW5KR5GQCF	slow	medium	276	0	546	1176	582	0	0	0	0	0	582	294	1170	894	582	406.8
A2YD4XK9B1TBKL	slow	fast	588	594	600	2070	1476	0	0	0	84	70	1170	1770	2064	1782	1794	937.4666667
A2YE7NBCK14VAQ	medium	fast	0	1492	1684	1444	2360	0	70	92	6	246	1276	1492	1912	2348	2312	1115.6
A2YT9HJEU5KTYM	medium	slow	2556	2124	2964	2556	2976	1800	2082	1476	2094	1800	2376	2972	2372	2768	2572	2365.866667
A2ZIATVCA2NKPF	slow	fast	1104	870	1176	798	1170	304	506	656	1014	1022	2076	2382	2682	2082	2352	1346.266667
A2ZL7BZA7RRMIN	medium	slow	1724	2760	2756	2776	2756	1794	2082	2388	2400	1770	2592	2988	2788	2776	2992	2489.466667
A309E9ZYRIL8X2	slow	fast	1152	1764	1764	1488	1752	1030	1558	1464	1974	2076	2388	1776	2082	2076	2088	1762.133333
A39MKVROUZ1UWR	medium	slow	504	568	772	544	1136	1176	882	2070	1794	2394	2956	2968	3356	3172	3156	1829.866667
A3B1P3B6X3AM2B	slow	fast	1470	2094	2400	2700	2682	1810	1542	1954	1852	2370	2982	2694	3000	2976	2988	2367.6
A3BHC8XH566T0Y	slow	medium	0	1146	1164	1782	1770	2952	2920	3120	2516	2744	1476	1176	2058	2094	2070	1932.533333
A3BU6QQUL1R5OT	medium	slow	1116	1560	1732	1964	2172	1458	2100	1794	2088	2088	1556	2168	2196	2384	2584	1930.666667
A3FKDL7CAES4LP	slow	slow	0	498	246	552	192	540	210	1080	1038	1326	1350	1386	1062	750	1098	755.2
A3IGG3RX4HXUV9	fast	fast	0	0	422	944	1160	1272	958	982	1082	996	1180	1482	1370	1298	1282	961.8666667
A3PHU8OHA8PONE	medium	fast	2116	2524	2556	2716	2532	1680	2116	2108	1892	2122	2764	2980	2572	2772	3168	2441.2
A3PN17H3QT51O	medium	fast	2344	2568	2560	2952	2956	1760	1850	1852	2150	1942	2740	2776	2748	2744	2540	2432.133333
A3T2YYWJM6NRH9	fast	medium	96	308	446	696	376	108	780	184	1972	2348	1560	1252	1446	972	1656	946.6666667
A3UX3RPWUKNVX	medium	slow	1596	1996	1796	1596	1380	1470	1794	1800	1194	1788	1588	1796	1800	1800	1996	1692.666667
A3VMPVPOWNWUZC	slow	slow	0	1200	1470	1776	2376	2076	2376	2388	2052	2076	2358	2688	2364	2388	2382	1998
A65FDBSWHLIVX	fast	medium	258	1030	1022	1018	1148	2372	2168	2364	2352	2360	1438	1772	1236	1364	1270	1544.8
A6F4S7L3OALOX	medium	fast	0	248	492	932	928	0	0	0	0	0	564	896	1316	1124	1328	521.8666667
A72QIS9A5W4K6	fast	slow	0	58	0	0	0	558	246	294	576	588	0	0	0	0	0	154.6666667
A7WCYUB783QNB	medium	fast	2552	2972	2756	3580	3172	2054	2164	2160	1960	2364	3356	3352	3164	3560	3368	2835.6
A9LSEP71DNP4O	fast	medium	1286	2222	2426	2538	2624	3148	3168	3348	2772	2976	2338	2750	2734	2756	2454	2636
AFIK3VBMMX6G6	slow	slow	2046	1794	2388	2688	2688	2682	2682	2688	2676	2976	2676	2688	2988	2982	2994	2642.4
AFM65NU0UXIGP	fast	fast	482	1810	1816	2346	2236	2560	2124	2426	2128	2320	2352	2226	2122	2206	2320	2098.266667
AGSSG1SWNWGHD	slow	fast	1182	1788	2064	2082	2376	1966	2136	1928	2448	2328	2370	2388	2076	2688	2388	2147.2
AIOZF654BN0LT	fast	medium	0	0	192	516	746	1328	1764	1984	1540	1980	928	1240	1350	1242	1348	1077.2
ALDKDKRBR4LXD	slow	fast	570	1188	1764	1776	1476	272	1030	1736	1640	1646	1164	1464	2052	2076	2064	1461.2
ALT6TQMZJKSFQ	slow	medium	1182	1788	2694	2376	2688	2388	3140	3356	2956	2744	2388	2688	2676	2694	2694	2563.466667
AN0JVAS4VR13F	slow	medium	594	1194	2082	2388	2394	2568	2552	2384	2584	2788	2388	2058	2082	2094	2088	2149.2
ANNEV2BKIR8GK	medium	slow	2560	2936	2948	2980	2516	1458	1776	2082	2694	1794	2972	3376	3168	3584	3160	2666.933333
ANQ0RLFEZ17W0	medium	medium	964	2556	2332	2568	2360	2140	3184	2760	3184	2944	2764	2748	2364	2768	2144	2518.666667
AQ7LRYYA7NRWR	slow	slow	0	0	0	0	0	0	0	0	0	0	294	300	858	600	1152	213.6
AQXRHIMQ7UK7O	fast	fast	0	712	1112	1426	840	1864	1122	1754	1864	1872	2174	2080	1872	2072	1768	1502.133333
ASZBND3G5UYJG	fast	fast	0	0	56	0	0	0	0	0	184	0	0	0	742	500	676	143.8666667
AUWE1BE6SGVHA	medium	medium	1384	2532	2340	1940	2520	3144	2760	2972	2956	3368	2360	2768	2160	2968	2756	2595.2
AXMPSUNKUBEIL	fast	fast	370	1136	1464	1876	1784	2182	2188	2188	1980	2286	2288	2180	1968	2190	1984	1870.933333
AY832D29HUURG	medium	medium	1108	1744	2956	2760	2756	2964	2980	2756	2784	2760	2972	2964	2580	2764	2972	2654.666667
AYPOAY43REHC8	slow	fast	1476	1782	2100	1494	1482	1254	1356	1458	1434	1622	1134	1770	1458	1464	2094	1558.533333
AZ8NBOTCBCLKG	fast	fast	0	0	236	0	640	900	588	178	1124	646	198	288	102	474	360	382.2666667
AZDRKFTM4LARP	medium	medium	1920	2376	2572	2560	2744	2752	2760	2960	2948	2944	2744	2952	3352	2972	3160	2781.066667
A15J42M6EC7Y1K	slow	slow	1800	1788	2094	1788	2094	1500	2094	2094	2076	2400	2088	2094	2082	2388	2088	2031.2
A2CM4LDI7GNDNW	fast	medium	0	0	98	0	0	660	1668	828	1648	1512	464	1084	828	1086	338	680.9333333
A2ZGRB5DEGOG9C	medium	slow	2164	3148	3152	3176	2560	888	900	2088	2394	2388	2964	2364	2764	2556	2964	2431.333333
A36FBIDN58N139	fast	slow	0	628	448	742	450	2082	2070	2370	2070	2364	1756	1246	1464	1474	1246	1360.666667
A3CTXNQ2GXIQSP	medium	fast	1996	2348	2764	2588	2392	1160	1162	1664	1760	1872	2568	2584	2576	2784	2544	2184.133333
A82Q1HS5CPZ5I	slow	fast	1440	1458	1782	1470	2082	706	1120	996	1620	1422	1758	2076	1752	2394	2382	1630.533333
ACGHHDT7RY1AH	fast	fast	452	1152	1760	1542	1756	2140	1848	1636	2162	2054	1842	1922	2052	2266	2580	1810.933333
A3GHPWV5J07UE8	slow	fast	0	0	1182	1488	1488	0	0	0	94	206	1476	1494	1476	1788	1794	832.4